4.200000000000000000e+01
1.215000000000000000e+03
3.170000000000000000e+02
9.500000000000000000e+01
4.710000000000000000e+02
4.720000000000000000e+02
8.270000000000000000e+02
8.370000000000000000e+02
1.800000000000000000e+02
1.800000000000000000e+02
4.750000000000000000e+02
4.760000000000000000e+02
8.200000000000000000e+01
5.140000000000000000e+02
7.540000000000000000e+02
9.410000000000000000e+02
3.450000000000000000e+02
2.840000000000000000e+02
2.620000000000000000e+02
3.480000000000000000e+02
3.530000000000000000e+02
2.280000000000000000e+02
2.200000000000000000e+02
1.950000000000000000e+02
4.340000000000000000e+02
7.700000000000000000e+02
2.970000000000000000e+02
1.700000000000000000e+01
2.860000000000000000e+02
9.600000000000000000e+01
4.530000000000000000e+02
1.310000000000000000e+02
1.800000000000000000e+01
2.700000000000000000e+02
3.370000000000000000e+02
2.630000000000000000e+02
1.200000000000000000e+02
2.210000000000000000e+02
5.600000000000000000e+01
1.600000000000000000e+01
3.300000000000000000e+01
3.700000000000000000e+01
1.500000000000000000e+01
8.400000000000000000e+01
8.500000000000000000e+01
8.400000000000000000e+01
8.500000000000000000e+01
1.700000000000000000e+02
2.390000000000000000e+02
1.470000000000000000e+02
2.500000000000000000e+01
2.380000000000000000e+02
2.600000000000000000e+01
8.730000000000000000e+02
3.400000000000000000e+01
4.500000000000000000e+01
2.160000000000000000e+02
2.170000000000000000e+02
2.160000000000000000e+02
2.170000000000000000e+02
4.180000000000000000e+02
5.800000000000000000e+01
5.900000000000000000e+01
6.600000000000000000e+01
2.460000000000000000e+02
1.710000000000000000e+02
2.120000000000000000e+02
1.550000000000000000e+02
2.300000000000000000e+01
6.000000000000000000e+00
1.051000000000000000e+03
1.290000000000000000e+02
1.850000000000000000e+02
6.500000000000000000e+01
4.180000000000000000e+02
1.300000000000000000e+02
7.700000000000000000e+01
2.310000000000000000e+02
2.930000000000000000e+02
1.450000000000000000e+02
1.460000000000000000e+02
2.360000000000000000e+02
9.800000000000000000e+01
4.540000000000000000e+02
1.420000000000000000e+02
1.980000000000000000e+02
2.290000000000000000e+02
9.600000000000000000e+01
4.530000000000000000e+02
3.130000000000000000e+02
3.140000000000000000e+02
3.630000000000000000e+02
1.840000000000000000e+02
1.200000000000000000e+01
2.660000000000000000e+02
1.300000000000000000e+01
1.360000000000000000e+02
9.000000000000000000e+01
2.200000000000000000e+01
1.370000000000000000e+02
2.690000000000000000e+02
2.670000000000000000e+02
1.299000000000000000e+03
1.414000000000000000e+03
